CHECKPOINT	TASK_1	TASK_2	TASK_3	TASK_4	TASK_5	TASK_6	TASK_7	TASK_8	TASK_9	TASK_10	TASK_11	TASK_12	TASK_13	TASK_14	TASK_15	TASK_16	TASK_17	TASK_18	TASK_19	TASK_20	TASK_21	TASK_22	TASK_23
checkpoint-100	0.6854	0.6335	0.7756	0.7638	0.6803	0.806	0.7512	0.7156	0.8074	0.722	0.7369	0.6759	0.6579	0.6926	0.6142	0.7566	0.6953	0.7707	0.8686	0.7255	0.6954	0.5808	0.6908
checkpoint-150	0.6605	0.661	0.767	0.7499	0.6789	0.8014	0.7646	0.7129	0.8099	0.7317	0.7435	0.6529	0.6743	0.6967	0.6148	0.7549	0.6891	0.7677	0.8681	0.7258	0.6883	0.5851	0.727
checkpoint-200	0.6885	0.6432	0.778	0.7558	0.691	0.8057	0.7645	0.7105	0.8172	0.7348	0.7322	0.6731	0.674	0.7075	0.631	0.7627	0.6999	0.7763	0.8696	0.7272	0.6842	0.5913	0.7328
checkpoint-250	0.671	0.6607	0.7779	0.7574	0.6979	0.8041	0.7591	0.7342	0.8177	0.7373	0.7424	0.6833	0.6742	0.7174	0.6252	0.7648	0.7066	0.7733	0.875	0.741	0.7051	0.5803	0.7363
checkpoint-300	0.679	0.6564	0.7715	0.7561	0.7062	0.8039	0.7715	0.7214	0.8233	0.7463	0.7485	0.6596	0.68	0.7268	0.6249	0.7744	0.697	0.7796	0.8725	0.7315	0.6944	0.5956	0.735
checkpoint-350	0.6858	0.6555	0.7718	0.7412	0.7017	0.7985	0.7589	0.7035	0.8224	0.7466	0.7421	0.6497	0.682	0.7371	0.635	0.768	0.6972	0.7802	0.8702	0.7306	0.7007	0.5631	0.7392
checkpoint-400	0.6903	0.6489	0.7799	0.7471	0.7086	0.8013	0.766	0.7071	0.8195	0.7457	0.7499	0.6547	0.6753	0.7258	0.6292	0.7716	0.6928	0.7793	0.8709	0.7324	0.6967	0.6012	0.7402
checkpoint-450	0.6941	0.6541	0.778	0.7457	0.7141	0.8017	0.7708	0.7001	0.8209	0.7457	0.7496	0.6499	0.6826	0.7398	0.627	0.7702	0.6886	0.7783	0.8689	0.7271	0.6898	0.5998	0.737
checkpoint-500	0.6942	0.6597	0.7795	0.7418	0.7121	0.8019	0.7514	0.7151	0.8216	0.7437	0.7466	0.6609	0.6749	0.7377	0.6376	0.7745	0.6965	0.7753	0.8716	0.724	0.708	0.5704	0.7361
checkpoint-550	0.689	0.6614	0.7755	0.7482	0.722	0.805	0.7677	0.7239	0.8307	0.7445	0.7472	0.6663	0.6713	0.7392	0.6254	0.7655	0.705	0.7784	0.8714	0.735	0.6969	0.5878	0.7548
checkpoint-600	0.6992	0.6582	0.7829	0.7369	0.7125	0.8049	0.7635	0.711	0.8255	0.7517	0.7435	0.6446	0.6796	0.7414	0.6299	0.7761	0.7014	0.7736	0.8706	0.7314	0.71	0.5702	0.7492
checkpoint-650	0.688	0.6663	0.7948	0.7377	0.7083	0.803	0.7618	0.7028	0.8226	0.7467	0.7487	0.6518	0.6766	0.7377	0.6227	0.7667	0.6985	0.7783	0.8668	0.723	0.7052	0.581	0.7395
checkpoint-700	0.6829	0.6538	0.7829	0.7346	0.7003	0.8034	0.7546	0.7091	0.8204	0.7426	0.7446	0.6528	0.6659	0.7372	0.6071	0.768	0.6885	0.7824	0.8679	0.7221	0.705	0.5783	0.7521
checkpoint-750	0.6985	0.6505	0.7735	0.7348	0.7045	0.8046	0.7507	0.6998	0.8192	0.7426	0.7466	0.6437	0.6789	0.7377	0.623	0.7673	0.6987	0.7765	0.8678	0.7261	0.6978	0.5599	0.7453
checkpoint-800	0.6792	0.6676	0.7768	0.7321	0.7115	0.8001	0.757	0.7117	0.8233	0.7491	0.742	0.6566	0.6762	0.7306	0.6144	0.7622	0.7004	0.7728	0.8698	0.7291	0.7056	0.57	0.7473
checkpoint-850	0.7013	0.6643	0.7789	0.7411	0.7034	0.8027	0.7664	0.7024	0.8266	0.7439	0.7413	0.6487	0.6913	0.7474	0.6276	0.7681	0.6933	0.7778	0.8673	0.7307	0.7055	0.5869	0.7592
checkpoint-900	0.6888	0.6625	0.7829	0.735	0.7138	0.7975	0.7602	0.7059	0.8213	0.7506	0.7461	0.6552	0.6746	0.7463	0.6282	0.7709	0.6942	0.7797	0.8703	0.7319	0.7053	0.5733	0.7492
checkpoint-950	0.6817	0.6556	0.7789	0.7328	0.7087	0.8005	0.7559	0.7141	0.8171	0.7432	0.745	0.6585	0.6762	0.737	0.6156	0.7743	0.6944	0.7794	0.8682	0.7339	0.7012	0.5786	0.7405
checkpoint-1000	0.6907	0.6619	0.7777	0.7408	0.7107	0.8004	0.7543	0.7065	0.8134	0.7483	0.7435	0.6551	0.6827	0.7442	0.6149	0.7781	0.6916	0.781	0.8692	0.7245	0.7027	0.5717	0.7467
checkpoint-1050	0.6891	0.668	0.7829	0.7496	0.715	0.804	0.7657	0.72	0.8217	0.7497	0.7412	0.6653	0.6848	0.7392	0.6356	0.7702	0.7059	0.7796	0.8681	0.7374	0.7038	0.5699	0.7546
checkpoint-1100	0.7061	0.6596	0.774	0.7444	0.7101	0.8034	0.7583	0.7134	0.8204	0.7519	0.7423	0.6583	0.6788	0.7382	0.6239	0.769	0.6994	0.7808	0.869	0.7279	0.7104	0.5566	0.7484
checkpoint-1150	0.6902	0.6643	0.7842	0.7412	0.7064	0.802	0.7662	0.7098	0.8203	0.7467	0.7426	0.6522	0.6934	0.7378	0.6271	0.7721	0.6963	0.7771	0.8705	0.7249	0.7027	0.5718	0.7417
checkpoint-1200	0.6947	0.6656	0.7871	0.7529	0.7223	0.8083	0.7686	0.7342	0.8295	0.748	0.7449	0.6799	0.6814	0.747	0.6323	0.7702	0.7052	0.782	0.8756	0.732	0.7129	0.5459	0.754
checkpoint-1250	0.6845	0.6601	0.7794	0.7331	0.7082	0.8048	0.7599	0.7101	0.8199	0.7511	0.7363	0.6579	0.6851	0.7509	0.635	0.7724	0.6955	0.7766	0.8679	0.7318	0.6965	0.5849	0.7465
checkpoint-1300	0.6846	0.6677	0.7729	0.7335	0.7008	0.8038	0.7553	0.7156	0.8193	0.7461	0.7427	0.6567	0.676	0.7467	0.6282	0.7695	0.7015	0.7803	0.8682	0.7299	0.6998	0.56	0.744
checkpoint-1350	0.6908	0.6517	0.7792	0.73	0.6985	0.8047	0.7647	0.6986	0.8211	0.7466	0.7386	0.6442	0.678	0.7382	0.6304	0.7754	0.6928	0.7806	0.8674	0.7239	0.7003	0.5812	0.7414
checkpoint-1400	0.6947	0.6644	0.7832	0.7336	0.7021	0.8025	0.7569	0.7053	0.8203	0.7484	0.7433	0.6593	0.6782	0.7481	0.6286	0.7756	0.6979	0.7739	0.8651	0.724	0.7005	0.5857	0.7425
checkpoint-1450	0.6968	0.6679	0.7826	0.739	0.7067	0.8007	0.7643	0.7067	0.8224	0.7548	0.7376	0.6534	0.6779	0.7388	0.618	0.7699	0.7036	0.777	0.8671	0.7231	0.71	0.5827	0.7346
checkpoint-1500	0.6983	0.6536	0.772	0.7301	0.6985	0.8003	0.7651	0.7088	0.8184	0.7458	0.7372	0.648	0.6745	0.7437	0.6309	0.7655	0.6953	0.7794	0.8668	0.725	0.6921	0.5812	0.7338
checkpoint-1550	0.6852	0.6596	0.7798	0.7303	0.6987	0.8004	0.7565	0.7057	0.8218	0.7477	0.7364	0.6586	0.6819	0.7329	0.6245	0.7715	0.701	0.772	0.8668	0.7229	0.6975	0.5879	0.7326
checkpoint-1600	0.6935	0.6568	0.7828	0.7345	0.7078	0.8032	0.753	0.7082	0.8153	0.7461	0.7329	0.6441	0.6794	0.7346	0.6238	0.7664	0.6986	0.7764	0.865	0.7276	0.7015	0.582	0.7316
checkpoint-1650	0.7038	0.6613	0.775	0.7344	0.698	0.8041	0.7583	0.6973	0.8233	0.7495	0.743	0.6556	0.6789	0.743	0.6153	0.7734	0.6903	0.7772	0.8662	0.716	0.6966	0.5834	0.7288
checkpoint-1700	0.6954	0.6622	0.7743	0.7266	0.7085	0.8002	0.7535	0.7051	0.817	0.7496	0.7411	0.6457	0.6766	0.7351	0.6256	0.7685	0.6951	0.7735	0.8643	0.7258	0.6968	0.5738	0.7284
checkpoint-1750	0.6915	0.6631	0.7839	0.7413	0.7063	0.7995	0.7606	0.7133	0.8175	0.7513	0.7419	0.6595	0.673	0.7414	0.625	0.7703	0.6919	0.7777	0.8668	0.7256	0.6985	0.5701	0.7398
checkpoint-1800	0.6948	0.6552	0.7822	0.7309	0.6987	0.8067	0.747	0.7148	0.822	0.7511	0.7321	0.6562	0.6762	0.7311	0.624	0.7642	0.7081	0.7726	0.868	0.7298	0.7025	0.5839	0.7244
checkpoint-1850	0.6942	0.6534	0.7775	0.7271	0.7013	0.801	0.758	0.7029	0.8171	0.7474	0.7413	0.6447	0.6716	0.74	0.6146	0.771	0.6969	0.7765	0.8652	0.7185	0.6969	0.5842	0.7363
checkpoint-1900	0.69	0.6635	0.7774	0.7335	0.701	0.7959	0.7628	0.7017	0.8154	0.7511	0.737	0.6509	0.6739	0.7332	0.6315	0.7616	0.6895	0.7766	0.8666	0.721	0.6967	0.583	0.7299
checkpoint-1950	0.6942	0.6563	0.7895	0.7422	0.6998	0.8037	0.7502	0.722	0.813	0.7394	0.7369	0.658	0.6753	0.7373	0.6207	0.7647	0.6924	0.7777	0.8656	0.7181	0.7023	0.5748	0.7373
checkpoint-2000	0.6932	0.6537	0.7677	0.7353	0.7112	0.8079	0.7528	0.7127	0.8224	0.749	0.7465	0.6565	0.6717	0.7405	0.6226	0.7656	0.6964	0.7796	0.8663	0.7285	0.695	0.568	0.7288
checkpoint-2050	0.6885	0.6548	0.7708	0.7278	0.7014	0.8024	0.7487	0.7033	0.8102	0.754	0.7396	0.6558	0.6787	0.7446	0.6187	0.7648	0.6928	0.7752	0.8683	0.7201	0.7003	0.5787	0.7387
checkpoint-2100	0.6883	0.6558	0.7853	0.7387	0.7037	0.8059	0.7559	0.709	0.8172	0.7397	0.7383	0.6543	0.6774	0.7398	0.6157	0.7661	0.6999	0.7769	0.869	0.722	0.702	0.5791	0.7392
checkpoint-2150	0.6962	0.6488	0.776	0.7323	0.7018	0.8035	0.751	0.7078	0.8215	0.7478	0.7396	0.6603	0.6767	0.7378	0.6144	0.7695	0.695	0.7799	0.8649	0.7181	0.7014	0.574	0.7241
checkpoint-2200	0.6961	0.6594	0.7875	0.7351	0.7044	0.8022	0.7594	0.7017	0.8111	0.7455	0.7358	0.6508	0.677	0.7412	0.6351	0.7702	0.6907	0.7783	0.8639	0.7193	0.6951	0.5599	0.7312
checkpoint-2250	0.7006	0.653	0.7751	0.7362	0.6981	0.8006	0.7491	0.7055	0.8152	0.7449	0.7395	0.6492	0.6793	0.7422	0.6193	0.7676	0.6891	0.7771	0.8655	0.7134	0.6941	0.584	0.7318
checkpoint-2300	0.6921	0.6569	0.7818	0.729	0.7067	0.8056	0.7565	0.7103	0.8196	0.7494	0.7321	0.6561	0.6809	0.7328	0.6291	0.7706	0.6995	0.7758	0.8669	0.7262	0.7001	0.5963	0.7282
checkpoint-2350	0.6897	0.6603	0.7788	0.7276	0.7005	0.7961	0.7539	0.6981	0.8168	0.7461	0.7335	0.6435	0.6804	0.7431	0.6141	0.7743	0.6926	0.7745	0.8654	0.7208	0.7057	0.5703	0.7297
checkpoint-2400	0.6935	0.6593	0.7831	0.733	0.6982	0.8027	0.7503	0.7075	0.8133	0.7427	0.7394	0.6433	0.6737	0.737	0.616	0.77	0.6882	0.7771	0.8663	0.7193	0.6958	0.5732	0.7165
checkpoint-2450	0.6912	0.647	0.7724	0.7319	0.6965	0.8038	0.7566	0.7041	0.8213	0.7456	0.7326	0.6457	0.6784	0.7407	0.622	0.7675	0.7017	0.7774	0.8684	0.7176	0.6974	0.5832	0.7318
checkpoint-2500	0.6951	0.654	0.7766	0.7247	0.686	0.8013	0.7553	0.707	0.8132	0.7457	0.7276	0.6475	0.6778	0.7392	0.6103	0.7706	0.6887	0.7773	0.8673	0.7151	0.6975	0.5714	0.7282
checkpoint-2550	0.6973	0.6549	0.7699	0.7314	0.6935	0.8013	0.7587	0.7005	0.8119	0.7476	0.7362	0.6434	0.6665	0.7373	0.6149	0.7723	0.6899	0.7772	0.8633	0.7098	0.7002	0.5852	0.7325
checkpoint-2600	0.6937	0.6491	0.7685	0.7319	0.6859	0.8007	0.7527	0.7127	0.8184	0.7472	0.7306	0.6399	0.6741	0.7416	0.6131	0.7665	0.695	0.7784	0.8655	0.7174	0.7025	0.5804	0.7257
checkpoint-2650	0.7044	0.6492	0.7729	0.734	0.6967	0.8014	0.7489	0.7106	0.814	0.7531	0.735	0.6421	0.6747	0.7409	0.6244	0.7717	0.6978	0.7743	0.8635	0.7212	0.6951	0.5749	0.7103
checkpoint-2700	0.6911	0.6467	0.7772	0.7238	0.6911	0.8015	0.7455	0.7027	0.8115	0.7421	0.7232	0.6503	0.6688	0.733	0.6125	0.7657	0.6794	0.7802	0.8605	0.7126	0.6895	0.5687	0.6965
checkpoint-2750	0.695	0.643	0.7686	0.7286	0.6852	0.8005	0.7491	0.6889	0.8091	0.7466	0.7259	0.64	0.6723	0.726	0.6022	0.7613	0.6871	0.7763	0.864	0.706	0.6857	0.5921	0.7223
checkpoint-2800	0.6927	0.6435	0.7695	0.7296	0.6833	0.7989	0.744	0.7039	0.803	0.7444	0.7278	0.6318	0.6599	0.7211	0.6087	0.7648	0.6791	0.7671	0.8587	0.7076	0.6859	0.5766	0.7158
checkpoint-2850	0.6945	0.6361	0.7681	0.7305	0.6797	0.7959	0.744	0.7082	0.7984	0.742	0.7185	0.6428	0.6557	0.7209	0.61	0.7651	0.6795	0.7705	0.8589	0.7093	0.683	0.5763	0.7079
checkpoint-2900	0.6867	0.6323	0.7661	0.7236	0.6819	0.7965	0.7562	0.6941	0.8031	0.7411	0.7283	0.6392	0.6592	0.7288	0.6076	0.764	0.6841	0.7688	0.8568	0.7038	0.6775	0.5596	0.6885
checkpoint-2950	0.6815	0.6392	0.7689	0.7134	0.6776	0.795	0.744	0.6822	0.7958	0.7377	0.7167	0.6405	0.6695	0.7203	0.6164	0.7672	0.6729	0.77	0.8588	0.7031	0.6802	0.5823	0.6927
checkpoint-3000	0.69	0.622	0.7696	0.7251	0.676	0.7971	0.7487	0.7019	0.8011	0.7402	0.7233	0.6298	0.6654	0.7209	0.5992	0.7598	0.6805	0.7677	0.8595	0.6912	0.6828	0.5695	0.7029
checkpoint-3050	0.6911	0.6188	0.7638	0.7201	0.6861	0.798	0.7448	0.6983	0.7996	0.74	0.7194	0.6439	0.6678	0.7208	0.6042	0.7641	0.6796	0.7672	0.8615	0.7075	0.6804	0.5816	0.693
checkpoint-3100	0.6927	0.6293	0.7548	0.7222	0.6757	0.7917	0.7426	0.6889	0.798	0.7417	0.7222	0.6351	0.6592	0.7226	0.6036	0.7507	0.6826	0.7698	0.8563	0.7036	0.6765	0.5871	0.6945
checkpoint-3150	0.6883	0.6311	0.76	0.7198	0.6866	0.7946	0.7523	0.6855	0.8011	0.745	0.718	0.6412	0.6631	0.7233	0.5967	0.766	0.6691	0.7735	0.8592	0.7112	0.6842	0.5741	0.6927
checkpoint-3200	0.6821	0.6299	0.765	0.7194	0.6826	0.7951	0.7506	0.692	0.7999	0.7419	0.7222	0.6311	0.66	0.7188	0.6005	0.764	0.6736	0.7705	0.857	0.707	0.6699	0.5833	0.7121
checkpoint-3250	0.6747	0.6382	0.7574	0.7255	0.6745	0.7916	0.7452	0.6855	0.7983	0.7416	0.7121	0.6336	0.647	0.7244	0.6056	0.7559	0.6762	0.7689	0.8585	0.7037	0.6762	0.5728	0.6889
checkpoint-3300	0.682	0.6301	0.7807	0.7128	0.6754	0.7944	0.7336	0.6988	0.8005	0.7417	0.7116	0.6424	0.6626	0.72	0.5974	0.7649	0.6793	0.7675	0.8573	0.7053	0.6822	0.5667	0.7147
checkpoint-3350	0.6813	0.6243	0.7614	0.7233	0.6732	0.7932	0.7398	0.6887	0.8048	0.7336	0.7118	0.6287	0.6584	0.7235	0.608	0.7644	0.6773	0.7705	0.8565	0.6937	0.6777	0.5739	0.6806
checkpoint-3400	0.687	0.6394	0.7699	0.7221	0.6796	0.7967	0.7367	0.6913	0.8018	0.7424	0.7177	0.636	0.6612	0.7254	0.6083	0.7668	0.6772	0.7607	0.8562	0.7018	0.6729	0.5765	0.6812
checkpoint-3450	0.6942	0.6302	0.7614	0.7225	0.6911	0.7956	0.7479	0.6946	0.8043	0.7473	0.7154	0.634	0.6513	0.7239	0.609	0.758	0.6794	0.771	0.8567	0.7094	0.6766	0.5615	0.7013
checkpoint-3500	0.6827	0.6211	0.7748	0.7227	0.6787	0.7916	0.7376	0.6858	0.8031	0.7381	0.7149	0.636	0.6645	0.7273	0.5945	0.7696	0.68	0.7678	0.8564	0.7006	0.6815	0.5723	0.7053
checkpoint-3550	0.6925	0.6242	0.7638	0.7245	0.6792	0.7953	0.7559	0.6887	0.8017	0.7374	0.7157	0.6228	0.6522	0.7201	0.5967	0.7603	0.6787	0.7689	0.8537	0.7047	0.677	0.5703	0.693
checkpoint-3600	0.6884	0.6299	0.7699	0.7195	0.6744	0.7921	0.7458	0.6894	0.7931	0.7366	0.7242	0.6276	0.655	0.7185	0.589	0.7593	0.6724	0.7664	0.8585	0.7027	0.6797	0.5754	0.7085
checkpoint-3650	0.6865	0.6225	0.7638	0.7248	0.6685	0.7871	0.7332	0.6965	0.7964	0.7472	0.7163	0.6394	0.6595	0.7197	0.5929	0.7492	0.6788	0.7694	0.8616	0.7029	0.6709	0.5692	0.6929
checkpoint-3700	0.6844	0.6352	0.7704	0.7143	0.6765	0.7952	0.7424	0.6895	0.7948	0.7412	0.7152	0.6444	0.6647	0.7226	0.597	0.7539	0.6785	0.768	0.8568	0.7069	0.6711	0.584	0.6901
checkpoint-3750	0.6798	0.626	0.7613	0.723	0.6798	0.7926	0.7405	0.6959	0.7969	0.7438	0.7137	0.6454	0.657	0.7181	0.6034	0.7506	0.6799	0.7665	0.8586	0.7044	0.6757	0.5798	0.6931
checkpoint-3800	0.6823	0.629	0.767	0.7203	0.6804	0.7931	0.745	0.6962	0.7962	0.7437	0.7154	0.6377	0.6604	0.7174	0.593	0.7528	0.6706	0.7661	0.8574	0.6973	0.6669	0.5774	0.6834
checkpoint-3850	0.6709	0.6205	0.7618	0.7158	0.6778	0.7933	0.7459	0.6912	0.7887	0.7343	0.715	0.6281	0.6556	0.708	0.5936	0.7519	0.6742	0.767	0.8564	0.7008	0.6616	0.5768	0.6825
checkpoint-3900	0.6862	0.6196	0.7625	0.7218	0.6771	0.7946	0.7253	0.6798	0.7885	0.736	0.7083	0.634	0.6559	0.7211	0.5958	0.7591	0.6743	0.7684	0.8554	0.7002	0.6727	0.5598	0.6813
checkpoint-3950	0.6822	0.6233	0.7602	0.7179	0.6666	0.7942	0.7347	0.6823	0.7953	0.7391	0.7096	0.6302	0.6602	0.7204	0.5944	0.7595	0.6631	0.7696	0.8548	0.6976	0.6665	0.5633	0.6831
checkpoint-4000	0.6818	0.6101	0.7489	0.7164	0.6614	0.7897	0.7388	0.6782	0.7902	0.7345	0.7105	0.6222	0.6481	0.707	0.5822	0.7419	0.6665	0.7637	0.8505	0.6891	0.6644	0.5597	0.6661
checkpoint-4050	0.6729	0.6135	0.7554	0.7165	0.6677	0.7864	0.7271	0.6796	0.7844	0.7364	0.6967	0.6296	0.6407	0.7022	0.5741	0.7429	0.6676	0.7577	0.8517	0.6899	0.6606	0.5736	0.6535
checkpoint-4100	0.6772	0.6013	0.7527	0.7106	0.6504	0.7934	0.7332	0.6748	0.7788	0.7359	0.6949	0.6211	0.65	0.7023	0.5826	0.7526	0.6568	0.7604	0.85	0.697	0.6569	0.5442	0.676
checkpoint-4150	0.6757	0.6016	0.746	0.7148	0.6499	0.7882	0.7375	0.6737	0.7804	0.7306	0.6895	0.6122	0.6484	0.6971	0.5741	0.7521	0.6618	0.7586	0.8475	0.6869	0.644	0.588	0.6498
checkpoint-4200	0.6787	0.586	0.7501	0.7081	0.6434	0.7867	0.7216	0.6688	0.7765	0.7272	0.702	0.6142	0.6401	0.7019	0.5733	0.7469	0.6577	0.76	0.8451	0.6873	0.6474	0.5541	0.6462
checkpoint-4250	0.6746	0.5986	0.7589	0.7111	0.6418	0.7839	0.7226	0.6623	0.7783	0.7283	0.6921	0.612	0.6367	0.7008	0.5699	0.7424	0.6649	0.7606	0.844	0.6968	0.6358	0.5675	0.6468